      0.000  387.346   16.311  392.463    0.000    0.000    0.000
   1000.000  382.810   15.890  387.271    0.000    0.000    0.000
   2000.000  387.859   15.874  390.965    0.000    0.000    0.000
   3000.000  387.602   16.573  392.901    0.000    0.000    0.000
   4000.000  397.017   15.780  400.390    0.000    0.000    0.000
   5000.000  381.440   15.787  384.977    0.000    0.000    0.000
   6000.000  395.562   15.961  398.293    0.000    0.000    0.000
   7000.000  386.319   16.891  390.808    0.000    0.000    0.000
   8000.000  391.368   15.543  397.009    0.000    0.000    0.000
   9000.000  376.134   16.523  380.710    0.000    0.000    0.000
  10000.000  386.319   15.720  389.408    0.000    0.000    0.000
  11000.000  384.521   16.549  390.732    0.000    0.000    0.000
  12000.000  391.111   16.229  395.748    0.000    0.000    0.000
  13000.000  388.287   16.119  393.935    0.000    0.000    0.000
  14000.000  387.859   15.567  391.122    0.000    0.000    0.000
  15000.000  390.598   15.441  395.472    0.000    0.000    0.000
  16000.000  383.066   16.479  387.448    0.000    0.000    0.000
  17000.000  382.724   15.436  385.103    0.000    0.000    0.000
  18000.000  388.201   15.924  392.058    0.000    0.000    0.000
  19000.000  385.976   16.156  389.407    0.000    0.000    0.000
  20000.000  397.701   15.084  399.972    0.000    0.000    0.000
  21000.000  389.400   15.845  393.699    0.000    0.000    0.000
  22000.000  384.693   15.491  389.768    0.000    0.000    0.000
  23000.000  386.233   16.329  390.686    0.000    0.000    0.000
  24000.000  382.468   16.176  387.955    0.000    0.000    0.000
  25000.000  383.067   15.350  386.891    0.000    0.000    0.000
  26000.000  389.742   16.145  393.754    0.000    0.000    0.000
  27000.000  383.580   16.890  388.302    0.000    0.000    0.000
  28000.000  385.976   16.032  389.587    0.000    0.000    0.000
  29000.000  378.274   15.882  383.886    0.000    0.000    0.000
  30000.000  384.607   15.945  389.113    0.000    0.000    0.000
  31000.000  381.697   16.347  386.043    0.000    0.000    0.000
  32000.000  396.760   15.843  400.066    0.000    0.000    0.000
  33000.000  392.053   15.301  395.845    0.000    0.000    0.000
  34000.000  380.328   16.399  384.394    0.000    0.000    0.000
  35000.000  375.792   15.930  380.441    0.000    0.000    0.000
  36000.000  386.404   15.694  390.836    0.000    0.000    0.000
  37000.000  382.981   15.794  390.064    0.000    0.000    0.000
  38000.000  393.165   16.072  398.679    0.000    0.000    0.000
  39000.000  379.729   15.536  382.865    0.000    0.000    0.000
  40000.000  383.238   16.358  387.041    0.000    0.000    0.000
  41000.000  387.260   15.249  391.087    0.000    0.000    0.000
  42000.000  383.152   15.433  387.183    0.000    0.000    0.000
  43000.000  390.256   15.271  392.252    0.000    0.000    0.000
  44000.000  388.458   16.424  391.138    0.000    0.000    0.000
  45000.000  389.742   15.942  392.197    0.000    0.000    0.000
  46000.000  379.558   17.062  384.406    0.000    0.000    0.000
  47000.000  379.215   16.123  383.382    0.000    0.000    0.000
  48000.000  379.814   16.483  383.468    0.000    0.000    0.000
  49000.000  387.774   16.035  393.043    0.000    0.000    0.000
  50000.000  382.981   15.951  385.305    0.000    0.000    0.000
  51000.000  377.760   15.498  382.416    0.000    0.000    0.000
  52000.000  381.868   15.515  386.104    0.000    0.000    0.000
  53000.000  386.832   16.295  392.542    0.000    0.000    0.000
  54000.000  394.278   16.320  398.822    0.000    0.000    0.000
  55000.000  389.314   16.731  393.930    0.000    0.000    0.000
  56000.000  394.278   15.317  396.647    0.000    0.000    0.000
  57000.000  383.666   16.722  387.157    0.000    0.000    0.000
  58000.000  384.949   16.584  389.399    0.000    0.000    0.000
  59000.000  392.481   17.150  396.838    0.000    0.000    0.000
  60000.000  387.773   14.682  391.415    0.000    0.000    0.000
  61000.000  385.549   15.693  390.485    0.000    0.000    0.000
  62000.000  387.003   14.592  390.983    0.000    0.000    0.000
  63000.000  394.192   15.473  396.996    0.000    0.000    0.000
  64000.000  381.013   15.853  384.919    0.000    0.000    0.000
  65000.000  387.089   16.114  391.354    0.000    0.000    0.000
  66000.000  386.832   15.433  390.227    0.000    0.000    0.000
  67000.000  387.089   15.165  391.148    0.000    0.000    0.000
  68000.000  392.737   15.596  395.901    0.000    0.000    0.000
  69000.000  379.643   16.274  383.458    0.000    0.000    0.000
  70000.000  376.306   15.502  380.093    0.000    0.000    0.000
  71000.000  385.891   16.160  389.563    0.000    0.000    0.000
  72000.000  382.981   15.895  387.160    0.000    0.000    0.000
  73000.000  390.341   15.092  393.316    0.000    0.000    0.000
  74000.000  394.791   15.026  398.964    0.000    0.000    0.000
  75000.000  381.526   15.481  385.082    0.000    0.000    0.000
  76000.000  385.035   15.614  387.839    0.000    0.000    0.000
  77000.000  390.084   15.730  394.629    0.000    0.000    0.000
  78000.000  383.580   16.494  388.281    0.000    0.000    0.000
  79000.000  386.918   16.651  389.571    0.000    0.000    0.000
  80000.000  388.116   16.231  391.776    0.000    0.000    0.000
  81000.000  375.450   16.066  378.971    0.000    0.000    0.000
  82000.000  395.561   16.901  398.530    0.000    0.000    0.000
  83000.000  387.346   16.475  392.817    0.000    0.000    0.000
  84000.000  384.778   15.969  389.221    0.000    0.000    0.000
  85000.000  387.859   16.505  390.614    0.000    0.000    0.000
  86000.000  381.269   15.968  384.751    0.000    0.000    0.000
  87000.000  382.895   16.660  387.600    0.000    0.000    0.000
  88000.000  383.152   16.282  387.070    0.000    0.000    0.000
  89000.000  385.720   15.491  389.941    0.000    0.000    0.000
  90000.000  383.837   16.294  389.194    0.000    0.000    0.000
  91000.000  379.729   16.291  382.439    0.000    0.000    0.000
  92000.000  386.404   15.819  391.730    0.000    0.000    0.000
  93000.000  385.976   16.071  390.523    0.000    0.000    0.000
  94000.000  379.900   15.958  384.599    0.000    0.000    0.000
  95000.000  382.382   15.693  384.777    0.000    0.000    0.000
  96000.000  391.454   16.386  396.408    0.000    0.000    0.000
  97000.000  385.720   16.920  390.009    0.000    0.000    0.000
  98000.000  389.485   16.609  394.027    0.000    0.000    0.000
  99000.000  385.035   16.491  389.720    0.000    0.000    0.000
 100000.000  380.499   16.712  386.461    0.000    0.000    0.000
 101000.000  386.062   15.438  391.862    0.000    0.000    0.000
 102000.000  387.260   16.139  392.158    0.000    0.000    0.000
 103000.000  383.666   15.364  387.912    0.000    0.000    0.000
 104000.000  397.188   15.616  402.724    0.000    0.000    0.000
 105000.000  390.170   16.475  393.243    0.000    0.000    0.000
 106000.000  388.373   16.011  391.459    0.000    0.000    0.000
 107000.000  393.764   16.755  397.262    0.000    0.000    0.000
 108000.000  385.377   15.664  389.783    0.000    0.000    0.000
 109000.000  391.625   15.968  395.811    0.000    0.000    0.000
 110000.000  388.458   15.993  392.686    0.000    0.000    0.000
 111000.000  400.012   16.043  404.983    0.000    0.000    0.000
 112000.000  392.994   16.001  397.566    0.000    0.000    0.000
 113000.000  383.238   16.735  386.915    0.000    0.000    0.000
 114000.000  387.602   16.491  392.993    0.000    0.000    0.000
 115000.000  379.985   16.890  386.642    0.000    0.000    0.000
 116000.000  387.517   16.476  391.688    0.000    0.000    0.000
 117000.000  387.174   16.131  390.332    0.000    0.000    0.000
 118000.000  384.436   15.388  388.583    0.000    0.000    0.000
 119000.000  386.319   16.567  388.619    0.000    0.000    0.000
 120000.000  379.643   16.833  385.128    0.000    0.000    0.000
 121000.000  397.359   16.652  402.294    0.000    0.000    0.000
 122000.000  386.576   16.021  390.164    0.000    0.000    0.000
 123000.000  381.612   16.400  385.412    0.000    0.000    0.000
 124000.000  387.517   16.568  390.750    0.000    0.000    0.000
 125000.000  388.715   17.064  394.424    0.000    0.000    0.000
 126000.000  383.152   16.224  387.779    0.000    0.000    0.000
 127000.000  391.796   16.303  395.057    0.000    0.000    0.000
 128000.000  389.485   15.523  393.935    0.000    0.000    0.000
 129000.000  385.634   16.909  391.889    0.000    0.000    0.000
 130000.000  387.345   16.129  393.403    0.000    0.000    0.000
 131000.000  384.778   16.150  388.304    0.000    0.000    0.000
 132000.000  385.976   16.851  389.721    0.000    0.000    0.000
 133000.000  394.535   16.308  398.391    0.000    0.000    0.000
 134000.000  399.071   16.634  403.103    0.000    0.000    0.000
 135000.000  385.891   17.146  389.732    0.000    0.000    0.000
 136000.000  391.111   15.966  393.967    0.000    0.000    0.000
 137000.000  391.710   16.442  394.829    0.000    0.000    0.000
 138000.000  389.656   15.798  392.652    0.000    0.000    0.000
 139000.000  387.174   16.001  393.035    0.000    0.000    0.000
 140000.000  379.729   15.987  383.768    0.000    0.000    0.000
 141000.000  387.089   16.437  391.081    0.000    0.000    0.000
 142000.000  385.206   16.232  389.064    0.000    0.000    0.000
 143000.000  391.368   16.276  395.005    0.000    0.000    0.000
 144000.000  389.314   16.292  393.742    0.000    0.000    0.000
 145000.000  380.328   15.556  383.577    0.000    0.000    0.000
 146000.000  387.174   15.646  392.500    0.000    0.000    0.000
 147000.000  383.238   16.282  389.268    0.000    0.000    0.000
 148000.000  387.174   15.966  391.800    0.000    0.000    0.000
 149000.000  392.909   16.575  396.994    0.000    0.000    0.000
 150000.000  397.359   16.123  402.738    0.000    0.000    0.000
