      0.000    0.000    0.000    0.000    0.000  -14.630 -1868.063 -1882.693
   1000.000    0.000    0.000    0.000    0.000  -14.412 -1863.209 -1877.621
   2000.000    0.000    0.000    0.000    0.000  -13.197 -1887.669 -1900.866
   3000.000    0.000    0.000    0.000    0.000  -14.355 -1867.530 -1881.884
   4000.000    0.000    0.000    0.000    0.000  -14.707 -1867.523 -1882.230
   5000.000    0.000    0.000    0.000    0.000  -14.069 -1859.175 -1873.243
   6000.000    0.000    0.000    0.000    0.000  -14.489 -1861.679 -1876.168
   7000.000    0.000    0.000    0.000    0.000  -14.958 -1856.508 -1871.466
   8000.000    0.000    0.000    0.000    0.000  -13.554 -1840.794 -1854.348
   9000.000    0.000    0.000    0.000    0.000  -14.355 -1844.488 -1858.844
  10000.000    0.000    0.000    0.000    0.000  -13.835 -1830.758 -1844.593
  11000.000    0.000    0.000    0.000    0.000  -14.149 -1856.251 -1870.399
  12000.000    0.000    0.000    0.000    0.000  -14.292 -1868.599 -1882.891
  13000.000    0.000    0.000    0.000    0.000  -14.140 -1879.316 -1893.456
  14000.000    0.000    0.000    0.000    0.000  -14.818 -1905.257 -1920.075
  15000.000    0.000    0.000    0.000    0.000  -13.310 -1886.762 -1900.073
  16000.000    0.000    0.000    0.000    0.000  -14.940 -1900.188 -1915.129
  17000.000    0.000    0.000    0.000    0.000  -15.850 -1918.917 -1934.767
  18000.000    0.000    0.000    0.000    0.000  -15.869 -1900.386 -1916.256
  19000.000    0.000    0.000    0.000    0.000  -15.264 -1900.899 -1916.163
  20000.000    0.000    0.000    0.000    0.000  -14.514 -1910.951 -1925.466
  21000.000    0.000    0.000    0.000    0.000  -14.631 -1906.100 -1920.731
  22000.000    0.000    0.000    0.000    0.000  -14.942 -1903.171 -1918.113
  23000.000    0.000    0.000    0.000    0.000  -15.249 -1904.174 -1919.424
  24000.000    0.000    0.000    0.000    0.000  -13.988 -1901.275 -1915.263
  25000.000    0.000    0.000    0.000    0.000  -14.538 -1900.353 -1914.891
  26000.000    0.000    0.000    0.000    0.000  -13.779 -1890.743 -1904.522
  27000.000    0.000    0.000    0.000    0.000  -14.476 -1905.318 -1919.794
  28000.000    0.000    0.000    0.000    0.000  -15.741 -1929.293 -1945.034
  29000.000    0.000    0.000    0.000    0.000  -15.141 -1900.515 -1915.656
  30000.000    0.000    0.000    0.000    0.000  -14.294 -1907.514 -1921.808
  31000.000    0.000    0.000    0.000    0.000  -15.610 -1897.453 -1913.063
  32000.000    0.000    0.000    0.000    0.000  -14.972 -1896.774 -1911.746
  33000.000    0.000    0.000    0.000    0.000  -14.560 -1875.387 -1889.946
  34000.000    0.000    0.000    0.000    0.000  -14.983 -1884.456 -1899.439
  35000.000    0.000    0.000    0.000    0.000  -15.086 -1916.186 -1931.271
  36000.000    0.000    0.000    0.000    0.000  -14.894 -1895.663 -1910.557
  37000.000    0.000    0.000    0.000    0.000  -13.976 -1875.428 -1889.405
  38000.000    0.000    0.000    0.000    0.000  -14.491 -1896.852 -1911.344
  39000.000    0.000    0.000    0.000    0.000  -15.049 -1902.182 -1917.231
  40000.000    0.000    0.000    0.000    0.000  -14.872 -1890.712 -1905.584
  41000.000    0.000    0.000    0.000    0.000  -14.745 -1886.494 -1901.239
  42000.000    0.000    0.000    0.000    0.000  -15.064 -1916.261 -1931.325
  43000.000    0.000    0.000    0.000    0.000  -16.170 -1923.739 -1939.910
  44000.000    0.000    0.000    0.000    0.000  -15.279 -1881.113 -1896.392
  45000.000    0.000    0.000    0.000    0.000  -16.449 -1861.775 -1878.224
  46000.000    0.000    0.000    0.000    0.000  -14.499 -1840.748 -1855.247
  47000.000    0.000    0.000    0.000    0.000  -14.997 -1848.789 -1863.785
  48000.000    0.000    0.000    0.000    0.000  -16.011 -1846.813 -1862.824
  49000.000    0.000    0.000    0.000    0.000  -13.837 -1840.603 -1854.440
  50000.000    0.000    0.000    0.000    0.000  -16.188 -1868.012 -1884.200
  51000.000    0.000    0.000    0.000    0.000  -15.459 -1870.701 -1886.160
  52000.000    0.000    0.000    0.000    0.000  -14.200 -1830.897 -1845.097
  53000.000    0.000    0.000    0.000    0.000  -14.899 -1850.995 -1865.895
  54000.000    0.000    0.000    0.000    0.000  -14.568 -1829.620 -1844.188
  55000.000    0.000    0.000    0.000    0.000  -15.400 -1830.973 -1846.373
  56000.000    0.000    0.000    0.000    0.000  -15.427 -1858.756 -1874.183
  57000.000    0.000    0.000    0.000    0.000  -14.988 -1831.952 -1846.939
  58000.000    0.000    0.000    0.000    0.000  -13.935 -1838.693 -1852.628
  59000.000    0.000    0.000    0.000    0.000  -14.609 -1876.991 -1891.600
  60000.000    0.000    0.000    0.000    0.000  -14.716 -1895.781 -1910.497
  61000.000    0.000    0.000    0.000    0.000  -14.610 -1890.340 -1904.949
  62000.000    0.000    0.000    0.000    0.000  -14.656 -1895.857 -1910.514
  63000.000    0.000    0.000    0.000    0.000  -14.039 -1883.655 -1897.694
  64000.000    0.000    0.000    0.000    0.000  -15.540 -1903.780 -1919.321
  65000.000    0.000    0.000    0.000    0.000  -14.942 -1881.107 -1896.049
  66000.000    0.000    0.000    0.000    0.000  -15.017 -1922.644 -1937.661
  67000.000    0.000    0.000    0.000    0.000  -14.657 -1898.988 -1913.645
  68000.000    0.000    0.000    0.000    0.000  -14.253 -1894.298 -1908.551
  69000.000    0.000    0.000    0.000    0.000  -14.995 -1889.547 -1904.541
  70000.000    0.000    0.000    0.000    0.000  -14.076 -1886.176 -1900.252
  71000.000    0.000    0.000    0.000    0.000  -14.393 -1894.294 -1908.687
  72000.000    0.000    0.000    0.000    0.000  -15.200 -1909.300 -1924.500
  73000.000    0.000    0.000    0.000    0.000  -14.958 -1900.726 -1915.684
  74000.000    0.000    0.000    0.000    0.000  -13.643 -1883.941 -1897.584
  75000.000    0.000    0.000    0.000    0.000  -14.414 -1901.884 -1916.297
  76000.000    0.000    0.000    0.000    0.000  -16.188 -1911.046 -1927.234
  77000.000    0.000    0.000    0.000    0.000  -14.680 -1864.658 -1879.339
  78000.000    0.000    0.000    0.000    0.000  -15.778 -1857.965 -1873.743
  79000.000    0.000    0.000    0.000    0.000  -15.926 -1880.809 -1896.735
  80000.000    0.000    0.000    0.000    0.000  -15.100 -1849.927 -1865.027
  81000.000    0.000    0.000    0.000    0.000  -16.335 -1863.800 -1880.135
  82000.000    0.000    0.000    0.000    0.000  -16.191 -1845.331 -1861.523
  83000.000    0.000    0.000    0.000    0.000  -14.769 -1847.245 -1862.015
  84000.000    0.000    0.000    0.000    0.000  -15.272 -1864.044 -1879.317
  85000.000    0.000    0.000    0.000    0.000  -15.314 -1877.820 -1893.135
  86000.000    0.000    0.000    0.000    0.000  -14.221 -1849.084 -1863.306
  87000.000    0.000    0.000    0.000    0.000  -14.690 -1852.012 -1866.703
  88000.000    0.000    0.000    0.000    0.000  -16.156 -1871.371 -1887.528
  89000.000    0.000    0.000    0.000    0.000  -14.322 -1850.848 -1865.170
  90000.000    0.000    0.000    0.000    0.000  -14.767 -1843.026 -1857.793
  91000.000    0.000    0.000    0.000    0.000  -14.936 -1848.799 -1863.735
  92000.000    0.000    0.000    0.000    0.000  -13.973 -1862.989 -1876.962
  93000.000    0.000    0.000    0.000    0.000  -14.029 -1850.128 -1864.156
  94000.000    0.000    0.000    0.000    0.000  -14.668 -1857.093 -1871.760
  95000.000    0.000    0.000    0.000    0.000  -16.937 -1872.609 -1889.546
  96000.000    0.000    0.000    0.000    0.000  -13.882 -1869.282 -1883.164
  97000.000    0.000    0.000    0.000    0.000  -14.568 -1860.356 -1874.925
  98000.000    0.000    0.000    0.000    0.000  -15.325 -1849.292 -1864.617
  99000.000    0.000    0.000    0.000    0.000  -14.993 -1860.173 -1875.166
 100000.000    0.000    0.000    0.000    0.000  -14.386 -1852.366 -1866.752
 101000.000    0.000    0.000    0.000    0.000  -12.806 -1883.295 -1896.101
 102000.000    0.000    0.000    0.000    0.000  -14.554 -1864.585 -1879.139
 103000.000    0.000    0.000    0.000    0.000  -13.923 -1880.299 -1894.222
 104000.000    0.000    0.000    0.000    0.000  -13.418 -1839.168 -1852.586
 105000.000    0.000    0.000    0.000    0.000  -16.244 -1877.163 -1893.407
 106000.000    0.000    0.000    0.000    0.000  -15.314 -1875.006 -1890.321
 107000.000    0.000    0.000    0.000    0.000  -16.860 -1868.104 -1884.964
 108000.000    0.000    0.000    0.000    0.000  -15.334 -1907.789 -1923.123
 109000.000    0.000    0.000    0.000    0.000  -14.894 -1888.510 -1903.404
 110000.000    0.000    0.000    0.000    0.000  -15.448 -1852.932 -1868.380
 111000.000    0.000    0.000    0.000    0.000  -14.221 -1864.906 -1879.126
 112000.000    0.000    0.000    0.000    0.000  -14.503 -1845.187 -1859.689
 113000.000    0.000    0.000    0.000    0.000  -15.117 -1863.904 -1879.021
 114000.000    0.000    0.000    0.000    0.000  -14.030 -1863.956 -1877.986
 115000.000    0.000    0.000    0.000    0.000  -12.897 -1849.052 -1861.949
 116000.000    0.000    0.000    0.000    0.000  -14.243 -1868.120 -1882.363
 117000.000    0.000    0.000    0.000    0.000  -16.031 -1848.167 -1864.197
 118000.000    0.000    0.000    0.000    0.000  -14.771 -1864.380 -1879.151
 119000.000    0.000    0.000    0.000    0.000  -15.280 -1830.164 -1845.444
 120000.000    0.000    0.000    0.000    0.000  -16.183 -1849.011 -1865.194
 121000.000    0.000    0.000    0.000    0.000  -14.571 -1854.426 -1868.996
 122000.000    0.000    0.000    0.000    0.000  -15.770 -1865.283 -1881.054
 123000.000    0.000    0.000    0.000    0.000  -15.573 -1859.583 -1875.156
 124000.000    0.000    0.000    0.000    0.000  -14.840 -1835.548 -1850.388
 125000.000    0.000    0.000    0.000    0.000  -15.784 -1853.014 -1868.798
 126000.000    0.000    0.000    0.000    0.000  -14.437 -1836.624 -1851.061
 127000.000    0.000    0.000    0.000    0.000  -15.180 -1846.896 -1862.076
 128000.000    0.000    0.000    0.000    0.000  -14.632 -1849.728 -1864.360
 129000.000    0.000    0.000    0.000    0.000  -14.813 -1837.109 -1851.922
 130000.000    0.000    0.000    0.000    0.000  -13.345 -1820.270 -1833.615
 131000.000    0.000    0.000    0.000    0.000  -15.743 -1850.270 -1866.013
 132000.000    0.000    0.000    0.000    0.000  -14.368 -1874.908 -1889.276
 133000.000    0.000    0.000    0.000    0.000  -15.580 -1853.048 -1868.628
 134000.000    0.000    0.000    0.000    0.000  -14.633 -1837.064 -1851.697
 135000.000    0.000    0.000    0.000    0.000  -15.481 -1855.089 -1870.571
 136000.000    0.000    0.000    0.000    0.000  -16.776 -1869.534 -1886.310
 137000.000    0.000    0.000    0.000    0.000  -15.178 -1861.517 -1876.695
 138000.000    0.000    0.000    0.000    0.000  -15.530 -1837.107 -1852.637
 139000.000    0.000    0.000    0.000    0.000  -14.562 -1826.578 -1841.139
 140000.000    0.000    0.000    0.000    0.000  -15.371 -1835.525 -1850.896
 141000.000    0.000    0.000    0.000    0.000  -14.714 -1846.547 -1861.261
 142000.000    0.000    0.000    0.000    0.000  -14.761 -1860.179 -1874.940
 143000.000    0.000    0.000    0.000    0.000  -16.246 -1856.751 -1872.996
 144000.000    0.000    0.000    0.000    0.000  -14.962 -1838.772 -1853.734
 145000.000    0.000    0.000    0.000    0.000  -14.818 -1859.662 -1874.480
 146000.000    0.000    0.000    0.000    0.000  -15.611 -1861.273 -1876.885
 147000.000    0.000    0.000    0.000    0.000  -14.522 -1854.969 -1869.490
 148000.000    0.000    0.000    0.000    0.000  -14.456 -1864.233 -1878.690
 149000.000    0.000    0.000    0.000    0.000  -14.965 -1861.768 -1876.733
 150000.000    0.000    0.000    0.000    0.000  -15.341 -1854.101 -1869.442
