      0.000 -666.421 -368.382 -892.463
   1000.000 -662.326 -385.165 -906.656
   2000.000 -661.648 -388.626 -880.369
   3000.000 -662.154 -392.644 -897.489
   4000.000 -663.364 -385.750 -895.442
   5000.000 -665.351 -382.562 -909.898
   6000.000 -663.558 -381.906 -889.041
   7000.000 -666.479 -371.032 -896.111
   8000.000 -661.417 -369.313 -909.086
   9000.000 -663.549 -374.649 -899.007
  10000.000 -659.744 -377.363 -900.839
  11000.000 -659.431 -377.689 -907.290
  12000.000 -662.031 -387.409 -916.619
  13000.000 -658.778 -387.843 -916.620
  14000.000 -652.315 -396.586 -909.758
  15000.000 -659.522 -397.631 -925.632
  16000.000 -659.207 -389.561 -910.867
  17000.000 -659.099 -413.377 -917.883
  18000.000 -662.544 -387.183 -901.761
  19000.000 -658.308 -391.813 -900.518
  20000.000 -659.643 -406.941 -931.057
  21000.000 -661.774 -405.393 -926.506
  22000.000 -665.671 -394.046 -915.641
  23000.000 -661.333 -387.329 -907.801
  24000.000 -666.436 -393.528 -922.047
  25000.000 -658.669 -403.866 -928.502
  26000.000 -660.373 -389.973 -922.465
  27000.000 -662.662 -393.149 -914.289
  28000.000 -664.974 -395.241 -913.207
  29000.000 -666.625 -386.277 -908.825
  30000.000 -661.389 -405.588 -921.912
  31000.000 -665.108 -390.337 -912.546
  32000.000 -664.076 -396.186 -909.115
  33000.000 -657.388 -390.176 -906.228
  34000.000 -665.827 -388.699 -905.917
  35000.000 -669.366 -399.974 -922.910
  36000.000 -663.172 -399.215 -925.471
  37000.000 -660.018 -402.184 -929.834
  38000.000 -662.252 -401.501 -919.772
  39000.000 -662.521 -403.728 -926.514
  40000.000 -662.335 -397.824 -917.368
  41000.000 -664.758 -403.172 -926.352
  42000.000 -658.945 -406.400 -911.445
  43000.000 -656.730 -398.430 -897.553
  44000.000 -657.050 -386.126 -893.277
  45000.000 -661.524 -378.505 -874.934
  46000.000 -661.327 -373.270 -884.788
  47000.000 -666.757 -379.274 -892.029
  48000.000 -654.766 -377.132 -864.173
  49000.000 -665.730 -372.557 -899.815
  50000.000 -662.846 -387.484 -873.276
  51000.000 -662.719 -389.302 -894.934
  52000.000 -655.655 -377.602 -889.659
  53000.000 -656.942 -374.547 -874.253
  54000.000 -656.708 -365.445 -889.818
  55000.000 -651.534 -379.675 -876.148
  56000.000 -664.160 -387.220 -894.708
  57000.000 -655.270 -373.622 -886.773
  58000.000 -655.689 -367.656 -889.477
  59000.000 -659.170 -377.503 -897.307
  60000.000 -653.025 -407.005 -911.873
  61000.000 -656.074 -399.977 -914.750
  62000.000 -661.424 -411.894 -925.371
  63000.000 -662.226 -401.563 -921.493
  64000.000 -658.636 -401.629 -909.056
  65000.000 -651.882 -396.769 -907.342
  66000.000 -651.174 -409.941 -909.189
  67000.000 -657.344 -408.560 -926.062
  68000.000 -665.363 -402.609 -922.712
  69000.000 -655.299 -402.650 -916.011
  70000.000 -659.114 -394.619 -921.177
  71000.000 -654.946 -412.568 -926.701
  72000.000 -655.655 -410.380 -923.687
  73000.000 -656.188 -396.968 -910.247
  74000.000 -655.199 -407.714 -932.479
  75000.000 -663.450 -396.816 -920.484
  76000.000 -665.696 -404.450 -921.323
  77000.000 -659.157 -376.595 -901.293
  78000.000 -659.035 -363.708 -882.479
  79000.000 -661.246 -383.524 -873.310
  80000.000 -657.963 -376.236 -878.195
  81000.000 -658.186 -376.274 -867.201
  82000.000 -657.467 -374.658 -868.575
  83000.000 -659.224 -375.704 -892.824
  84000.000 -657.910 -380.400 -877.020
  85000.000 -658.284 -385.418 -874.450
  86000.000 -665.775 -376.277 -897.856
  87000.000 -658.056 -385.839 -901.901
  88000.000 -661.068 -377.057 -876.161
  89000.000 -645.281 -382.499 -888.532
  90000.000 -658.456 -374.545 -889.759
  91000.000 -660.359 -375.641 -878.415
  92000.000 -660.097 -378.041 -906.514
  93000.000 -655.621 -379.993 -898.680
  94000.000 -660.780 -383.882 -905.405
  95000.000 -652.303 -382.318 -854.627
  96000.000 -652.643 -391.570 -908.845
  97000.000 -660.566 -381.418 -898.178
  98000.000 -656.837 -377.674 -879.479
  99000.000 -662.374 -383.384 -880.193
 100000.000 -655.271 -369.584 -886.314
 101000.000 -654.929 -408.377 -939.491
 102000.000 -654.603 -376.135 -890.953
 103000.000 -651.096 -391.497 -910.349
 104000.000 -651.717 -380.171 -904.659
 105000.000 -653.064 -377.311 -870.189
 106000.000 -652.352 -385.284 -885.057
 107000.000 -653.323 -374.972 -869.196
 108000.000 -659.258 -392.039 -906.754
 109000.000 -653.907 -387.662 -895.477
 110000.000 -663.396 -381.476 -896.325
 111000.000 -651.390 -396.394 -909.602
 112000.000 -654.613 -386.738 -888.850
 113000.000 -654.926 -389.049 -877.523
 114000.000 -657.791 -388.658 -906.029
 115000.000 -655.761 -397.115 -926.063
 116000.000 -654.839 -390.331 -871.326
 117000.000 -654.086 -377.657 -875.835
 118000.000 -655.861 -385.727 -889.899
 119000.000 -653.192 -375.246 -876.907
 120000.000 -653.975 -377.233 -871.869
 121000.000 -648.147 -381.761 -883.797
 122000.000 -651.739 -386.528 -877.701
 123000.000 -657.178 -383.934 -889.941
 124000.000 -655.860 -375.434 -884.019
 125000.000 -658.865 -379.860 -880.664
 126000.000 -652.859 -379.269 -890.652
 127000.000 -658.017 -380.212 -884.419
 128000.000 -657.206 -377.428 -888.162
 129000.000 -656.406 -379.542 -891.977
 130000.000 -656.378 -377.436 -897.954
 131000.000 -646.150 -375.212 -869.473
 132000.000 -660.985 -384.815 -889.772
 133000.000 -650.803 -380.109 -870.822
 134000.000 -649.923 -371.881 -873.193
 135000.000 -652.040 -380.664 -882.444
 136000.000 -655.311 -387.548 -870.543
 137000.000 -650.579 -386.499 -885.755
 138000.000 -654.571 -376.483 -877.972
 139000.000 -662.105 -384.893 -908.934
 140000.000 -657.598 -376.987 -882.575
 141000.000 -656.048 -375.664 -880.977
 142000.000 -657.138 -381.803 -878.152
 143000.000 -658.521 -375.413 -876.034
 144000.000 -661.569 -376.755 -885.664
 145000.000 -655.097 -378.471 -874.978
 146000.000 -655.114 -373.232 -870.521
 147000.000 -654.801 -374.970 -883.888
 148000.000 -662.999 -390.685 -893.186
 149000.000 -655.604 -388.380 -888.201
 150000.000 -654.102 -384.930 -873.934
